5354
4292
4734
2601
5376
6850
9107
192
10197
5411
1778
3021
2752
2411
2439
412
10354
5779
2695
797
5472
9560
11961
7696
10635
10862
10093
765
6424
9204
4548
6771
104
301
11421
1510
5626
2598
8552
3904
5331
6703
9567
2013
11473
11307
8339
11690
2650
4147
10679
8308
7737
2783
9027
5699
2165
1221
9635
4845
9146
8060
8279
7318
9340
8449
7154
1287
2055
10445
3146
6495
7826
1486
5233
10196
3297
1173
6874
10601
11988
4967
3500
1277
406
5067
2198
9807
10118
10160
2205
10996
2979
1342
2978
1383
10903
5365
6661
4345
