104
192
301
406
412
765
797
1173
1221
1277
1287
1342
1383
1486
1510
1778
2013
2055
2165
2198
2205
2411
2439
2598
2601
2650
2695
2752
2783
2978
2979
3021
3146
3297
3500
3904
4147
4292
4345
4548
4734
4845
4967
5067
5233
5331
5354
5365
5376
5411
5472
5626
5699
5779
6424
6495
6661
6703
6771
6850
6874
7154
7318
7696
7737
7826
8060
8279
8308
8339
8449
8552
9027
9107
9146
9204
9340
9560
9567
9635
9807
10093
10118
10160
10196
10197
10354
10445
10601
10635
10679
10862
10903
10996
11307
11421
11473
11690
11961
11988
